1 604 670 22 16
2 783 766 15 25
3 378 335 22 18
4 343 50 22 19
5 388 907 23 15
6 466 619 19 13
7 501 113 24 18
8 351 67 29 12
9 574 157 12 14
10 638 810 17 10
11 904 64 24 22
12 48 831 12 26
13 834 885 26 14
14 787 867 18 25
15 949 238 24 21
16 627 225 20 11
17 746 655 13 10
18 304 428 18 20
19 394 646 10 24
20 261 831 18 17
21 953 730 11 29
22 638 93 22 29
23 640 820 24 28
24 357 970 27 29
25 182 390 13 29
26 686 540 10 10
27 542 637 17 12
28 662 127 25 12
29 175 581 10 20
30 398 540 27 18
31 875 804 20 16
32 403 654 10 26
33 75 904 25 10
34 122 169 22 14
35 611 532 23 16
36 499 185 15 24
37 762 875 14 17
38 175 507 26 17
39 438 249 13 13
40 129 511 27 29
41 239 562 11 15
42 264 358 21 21
43 485 156 29 26
44 465 40 18 15
45 66 183 10 25
46 844 836 24 23
47 759 915 25 12
48 536 469 21 11
49 482 683 26 14
50 346 123 11 24
51 224 929 10 20
52 737 757 25 23
53 781 141 23 22
54 324 68 22 15
55 497 40 21 21
56 557 515 16 7
57 660 804 11 14
58 217 727 12 24
59 385 128 24 24
60 319 474 16 20
61 811 42 23 28
62 610 964 14 28
63 370 3 13 25
64 639 521 27 23
65 823 672 15 25
66 40 56 24 28
67 301 308 22 14
68 128 335 15 19
69 386 674 18 12
70 770 143 28 16
71 941 834 18 23
72 532 896 26 27
73 466 986 17 10
74 107 692 12 16
75 86 367 15 17
76 719 974 26 12
77 676 764 11 11
78 952 808 13 29
79 727 656 13 27
80 474 55 23 23
81 591 669 27 13
82 645 436 20 28
83 578 919 22 17
84 34 180 23 20
85 635 397 25 26
86 419 586 15 10
87 369 766 12 20
88 215 444 11 28
89 248 604 23 19
90 927 840 16 14
91 397 195 16 27
92 39 375 14 10
93 331 72 14 25
94 627 970 22 29
95 1 645 19 15
96 718 909 28 21
97 326 13 27 12
98 176 521 28 22
99 35 111 23 22
100 801 39 26 29
101 328 11 11 11
102 529 769 27 23
103 356 622 3 3
104 401 69 22 14
105 801 683 23 15
106 408 903 29 15
107 105 473 19 20
108 746 439 17 20
109 318 711 12 15
110 203 927 12 16
111 633 282 21 15
112 425 582 25 21
113 213 259 11 24
114 671 947 11 13
115 53 600 20 18
116 45 46 25 29
117 890 724 15 26
118 328 645 20 24
119 275 878 18 14
120 372 370 24 16
121 554 513 26 16
122 0 818 15 11
123 635 554 14 25
124 625 406 23 28
125 549 53 22 29
126 834 889 20 18
127 11 878 21 16
128 241 900 20 13
129 372 60 23 15
130 562 886 19 29
131 447 148 29 16
132 196 581 12 19
133 703 615 24 24
134 208 80 16 29
135 818 841 18 16
136 68 797 10 11
137 850 253 27 22
138 306 12 15 28
139 574 26 27 25
140 269 524 5 15
141 322 73 18 11
142 374 696 15 28
143 298 413 11 27
144 558 47 28 22
145 898 956 15 19
146 287 501 23 13
147 304 101 24 17
148 541 462 23 26
149 14 234 26 20
150 855 384 27 17
151 505 699 29 14
152 789 867 18 16
153 946 699 12 14
154 149 37 27 12
155 969 927 19 28
156 855 975 3 17
157 672 798 20 28
158 602 158 11 15
159 447 622 18 27
160 337 340 28 26
161 957 305 10 20
162 449 375 15 15
163 929 214 11 15
164 939 805 26 10
165 859 843 15 19
166 723 141 28 25
167 554 526 10 25
168 196 236 19 24
169 311 670 29 26
170 117 792 12 26
171 615 2 18 17
172 627 472 19 29
173 926 810 7 13
174 466 691 22 21
175 739 368 23 25
176 757 684 11 4
177 211 195 29 25
178 293 715 27 16
179 765 16 13 13
180 370 933 29 17
181 282 676 17 22
182 843 386 18 13
183 294 202 19 26
184 4 869 28 26
185 750 868 20 14
186 642 237 12 13
187 964 427 17 29
188 624 823 19 23
189 672 694 25 17
190 477 693 27 28
191 626 551 26 16
192 562 730 17 14
193 672 782 12 14
194 898 495 28 22
195 386 900 20 19
196 540 196 27 26
197 734 220 11 15
198 282 754 15 28
199 231 541 25 28
200 846 970 20 28
201 237 386 22 12
202 666 390 11 17
203 451 659 15 22
204 511 138 20 24
205 8 584 29 18
206 640 719 23 28
207 461 370 11 10
208 206 702 16 26
209 195 201 19 11
210 1 426 13 21
211 261 121 15 24
212 580 914 25 14
213 124 576 18 22
214 974 80 15 17
215 926 592 25 18
216 356 842 19 18
217 891 141 28 24
218 573 322 13 21
219 519 900 15 15
220 654 443 16 28
221 810 370 29 29
222 590 9 11 24
223 929 729 21 12
224 98 690 27 28
225 149 638 18 25
226 962 805 23 21
227 451 144 25 25
228 631 475 25 16
229 673 385 21 16
230 257 425 27 14
231 293 880 29 17
232 613 778 13 22
233 87 166 18 23
234 534 600 16 28
235 555 694 26 12
236 129 47 11 27
237 622 710 29 18
238 90 319 21 27
239 308 511 22 22
240 257 703 26 12
241 113 419 10 13
242 355 830 11 13
243 556 331 29 28
244 531 841 26 29
245 748 672 26 27
246 743 543 21 17
247 269 428 28 29
248 235 970 16 22
249 878 181 23 29
250 745 163 17 16
251 659 746 17 12
252 460 826 17 14
253 970 961 29 12
254 214 899 27 16
255 657 582 16 22
256 815 406 17 21
257 932 736 24 25
258 925 251 29 28
259 528 961 13 13
260 721 125 19 18
261 433 253 29 15
262 873 967 26 24
263 497 895 14 23
264 95 564 20 29
265 299 91 15 22
266 241 900 23 24
267 637 735 23 29
268 528 909 12 29
269 112 339 18 15
270 586 232 22 11
271 199 652 28 14
272 243 108 26 26
273 34 371 12 17
274 781 406 24 27
275 601 922 26 16
276 156 30 26 15
277 545 790 20 27
278 52 70 23 27
279 374 156 19 21
280 831 918 14 19
281 520 246 10 11
282 468 986 15 11
283 232 10 23 22
284 393 789 28 27
285 88 839 21 17
286 755 347 19 26
287 380 854 21 29
288 812 680 13 18
289 868 33 11 19
290 523 162 27 23
291 303 482 19 11
292 52 48 10 24
293 553 103 12 21
294 548 240 22 17
295 760 628 3 9
296 259 232 16 18
297 302 967 29 13
298 237 279 13 13
299 299 32 17 29
300 855 179 25 15
301 317 602 21 24
302 649 802 19 26
303 535 229 15 23
304 636 428 25 19
305 202 460 28 11
306 600 758 25 21
307 172 971 10 16
308 925 329 23 15
309 635 947 21 23
310 138 114 18 10
311 439 517 22 28
312 985 934 13 22
313 298 953 25 20
314 586 865 24 25
315 388 454 16 22
316 326 673 18 10
317 286 420 26 20
318 44 947 11 21
319 675 139 21 18
320 400 122 25 23
321 58 192 27 13
322 496 965 17 21
323 914 645 24 25
324 662 826 25 27
325 535 486 25 12
326 334 61 29 10
327 940 694 18 11
328 897 97 11 27
329 178 528 11 10
330 560 892 19 13
331 308 18 27 14
332 728 181 15 12
333 627 610 28 29
334 341 646 22 28
335 461 710 14 16
336 384 796 26 13
337 880 269 22 16
338 275 756 10 20
339 516 112 21 26
340 339 788 20 10
341 656 825 15 17
342 882 383 16 20
343 919 227 16 20
344 315 209 28 11
345 576 808 21 15
346 675 934 22 23
347 692 692 13 12
348 846 452 23 25
349 522 94 14 27
350 87 754 25 19
351 547 541 18 24
352 786 873 19 29
353 304 479 18 25
354 793 863 11 15
355 433 923 13 23
356 281 260 23 28
357 395 287 29 10
358 829 517 16 23
359 452 247 28 25
360 221 163 28 11
361 261 618 16 21
362 765 519 29 12
363 155 230 12 18
364 419 922 15 13
365 302 706 14 14
366 502 249 26 22
367 503 710 14 17
368 246 873 19 22
369 131 351 12 20
370 191 665 23 24
371 542 329 11 5
372 574 646 20 24
373 647 506 16 25
374 85 620 26 12
375 118 698 22 23
376 135 548 19 23
377 134 58 17 10
378 837 211 18 27
379 76 758 29 10
380 6 205 26 25
381 980 903 11 28
382 306 454 10 12
383 475 139 13 14
384 889 792 11 25
385 51 717 29 18
386 209 111 29 29
387 329 790 27 11
388 871 571 27 25
389 451 518 10 18
390 398 229 16 27
391 612 843 23 10
392 907 393 28 27
393 835 674 21 18
394 394 915 10 16
395 30 732 14 15
396 50 735 20 20
397 827 704 12 28
398 847 267 27 10
399 627 782 18 12
400 538 614 10 16
401 53 59 23 11
402 587 541 24 17
403 629 549 16 12
404 885 587 19 20
405 104 631 29 27
406 209 233 12 18
407 704 834 28 27
408 287 444 21 16
409 687 796 13 18
410 193 229 23 20
411 250 608 18 11
412 926 414 20 23
413 89 73 16 26
414 171 395 21 19
415 296 286 12 10
416 894 384 24 28
417 360 7 14 18
418 323 372 11 22
419 186 557 12 28
420 392 322 29 23
421 7 69 21 18
422 428 344 26 29
423 44 855 28 28
424 333 34 28 14
425 751 616 20 23
426 842 401 24 20
427 174 135 25 20
428 63 873 11 11
429 99 388 25 15
430 563 813 13 20
431 409 366 23 19
432 208 2 20 18
433 754 432 21 28
434 470 895 22 12
435 628 918 21 22
436 609 538 13 21
437 258 370 25 10
438 526 940 25 27
439 110 411 13 18
440 119 115 22 13
441 327 29 20 26
442 826 266 23 18
443 155 965 23 19
444 277 363 18 26
445 536 327 24 13
446 269 131 7 8
447 571 943 4 18
448 675 768 15 25
449 243 30 11 13
450 571 591 11 11
451 877 952 14 21
452 897 792 22 29
453 861 807 14 20
454 486 10 13 13
455 225 122 12 19
456 777 522 20 12
457 139 961 12 13
458 942 882 21 19
459 481 80 18 21
460 481 618 11 17
461 952 291 21 29
462 882 100 23 27
463 266 899 22 20
464 918 217 12 22
465 921 957 28 17
466 180 90 17 19
467 505 159 26 15
468 733 509 16 15
469 234 22 17 14
470 356 64 28 16
471 70 101 23 29
472 637 326 18 27
473 823 498 15 27
474 945 886 11 7
475 2 447 25 15
476 618 881 13 19
477 30 124 21 25
478 498 471 28 29
479 630 316 29 11
480 442 725 29 17
481 980 908 14 10
482 756 896 16 12
483 516 634 16 27
484 870 681 10 23
485 161 580 26 11
486 188 528 20 23
487 172 882 14 21
488 503 180 24 10
489 459 46 10 22
490 223 822 23 19
491 404 29 15 19
492 717 715 22 23
493 771 762 21 17
494 368 890 17 18
495 22 466 23 20
496 600 340 19 11
497 699 824 15 17
498 6 435 15 23
499 595 269 24 14
500 484 890 18 10
501 128 608 22 12
502 388 333 26 14
503 559 44 27 13
504 200 745 22 14
505 538 712 11 21
506 217 1 17 20
507 603 604 22 15
508 528 747 22 20
509 658 661 15 12
510 550 879 14 26
511 851 21 19 23
512 527 643 28 11
513 571 441 27 11
514 780 573 25 23
515 11 578 11 28
516 631 465 28 22
517 633 149 29 25
518 60 331 27 18
519 668 946 28 12
520 633 616 13 10
521 600 710 14 27
522 386 148 10 14
523 629 762 16 20
524 193 195 8 6
525 504 963 25 19
526 617 831 13 10
527 673 179 18 16
528 651 453 22 29
529 477 869 14 25
530 533 852 28 16
531 891 733 12 13
532 178 586 28 14
533 190 193 24 12
534 288 445 12 19
535 110 297 24 22
536 400 187 13 15
537 400 876 23 11
538 536 262 17 14
539 501 185 17 22
540 751 11 18 17
541 870 184 18 17
542 597 430 16 13
543 864 266 25 14
544 120 785 10 20
545 937 261 12 23
546 564 826 23 19
547 442 92 29 20
548 523 398 27 25
549 454 26 16 28
550 549 111 15 17
551 890 754 21 20
552 583 490 29 24
553 596 687 25 29
554 566 193 26 18
555 724 495 12 28
556 318 972 16 10
557 735 163 10 29
558 130 640 27 15
559 198 137 16 18
560 680 205 27 20
561 630 878 20 10
562 261 387 20 16
563 311 581 17 22
564 367 977 13 18
565 455 634 16 20
566 754 674 18 20
567 404 801 14 29
568 0 940 18 27
569 574 161 29 22
570 460 353 15 27
571 654 422 14 26
572 703 209 19 19
573 179 690 10 26
574 493 871 12 27
575 289 247 18 14
576 581 324 24 28
577 699 760 22 20
578 563 438 16 28
579 702 832 17 26
580 139 974 29 12
581 664 714 27 12
582 243 236 21 16
583 714 327 7 3
584 516 911 22 21
585 311 970 11 26
586 386 144 13 25
587 343 53 18 23
588 14 932 29 20
589 746 397 21 19
590 286 43 14 27
591 535 531 23 26
592 845 35 25 19
593 568 114 29 14
594 619 98 21 27
595 393 109 13 24
596 379 709 14 24
597 867 839 10 24
598 215 898 28 16
599 594 280 20 11
600 397 213 29 16
601 136 587 16 19
602 2 424 29 14
603 802 126 15 28
604 228 966 20 24
605 280 433 25 27
606 692 746 20 20
607 179 490 17 25
608 270 218 17 22
609 449 483 29 28
610 66 320 25 21
611 830 56 21 18
612 116 144 19 18
613 960 255 18 20
614 554 907 16 12
615 88 400 21 25
616 695 523 20 29
617 143 953 21 19
618 422 26 20 20
619 167 810 24 21
620 504 690 25 16
621 371 555 26 18
622 275 840 23 24
623 718 638 23 29
624 96 54 19 26
625 829 366 23 24
626 2 871 19 17
627 634 192 14 22
628 873 248 12 13
629 452 531 23 10
630 924 804 23 25
631 842 926 13 24
632 807 501 28 20
633 786 190 10 28
634 433 645 18 16
635 76 553 19 22
636 856 968 18 16
637 919 712 27 23
638 84 373 22 17
639 854 193 23 20
640 113 272 21 14
641 70 597 28 11
642 341 8 29 16
643 849 125 14 29
644 863 137 11 12
645 645 520 24 19
646 156 852 15 13
647 831 652 20 24
648 18 242 16 29
649 679 137 25 27
650 745 889 21 29
651 310 377 19 25
652 537 672 29 28
653 843 639 22 18
654 578 904 15 18
655 837 471 15 26
656 791 752 29 22
657 844 805 22 16
658 183 795 17 19
659 255 841 29 12
660 639 98 27 20
661 737 964 13 21
662 903 112 12 28
663 15 405 16 28
664 89 587 15 20
665 557 436 15 29
666 497 68 25 21
667 266 670 3 8
668 321 197 16 14
669 531 84 24 16
670 932 714 23 26
671 312 643 25 26
672 206 752 24 15
673 516 247 27 16
674 736 601 24 26
675 506 171 10 11
676 64 213 25 27
677 21 82 29 25
678 379 557 10 19
679 560 565 21 27
680 684 751 18 16
681 635 825 28 15
682 316 965 25 21
683 959 572 15 24
684 971 49 27 25
685 796 329 27 13
686 243 53 17 16
687 657 424 12 18
688 788 241 26 21
689 534 794 28 22
690 93 425 25 22
691 680 314 25 16
692 297 226 22 21
693 129 44 15 27
694 181 142 10 25
695 463 642 19 27
696 681 853 24 20
697 85 197 26 17
698 225 3 14 25
699 970 906 13 23
700 465 928 13 19
701 568 940 26 26
702 769 206 19 23
703 262 666 11 20
704 848 942 19 18
705 188 648 16 21
706 545 414 20 10
707 72 498 14 17
708 59 729 16 23
709 600 827 26 21
710 593 333 27 29
711 2 252 18 23
712 541 746 11 13
713 281 237 27 17
714 562 732 18 10
715 923 215 13 25
716 630 107 28 11
717 870 277 14 12
718 67 912 19 26
719 169 555 13 29
720 949 14 13 20
721 932 304 15 25
722 255 122 14 22
723 524 787 21 17
724 541 933 24 18
725 294 682 29 14
726 828 804 16 28
727 851 8 23 14
728 632 731 12 19
729 364 940 14 15
730 973 391 10 19
731 557 804 24 13
732 400 216 28 12
733 471 36 29 11
734 632 11 21 27
735 601 775 12 20
736 486 3 14 24
737 816 242 15 21
738 709 854 26 14
739 645 931 25 11
740 311 224 29 10
741 661 659 10 11
742 28 458 12 17
743 89 742 29 20
744 703 862 18 10
745 961 344 27 16
746 117 593 29 21
747 502 163 16 29
748 79 242 17 15
749 567 651 15 15
750 66 445 10 23
751 449 257 12 18
752 938 650 22 12
753 259 736 20 23
754 17 103 19 21
755 609 751 19 20
756 42 525 11 23
757 808 47 21 15
758 370 453 24 17
759 150 449 16 29
760 323 512 20 28
761 346 931 20 22
762 344 144 24 20
763 268 611 27 27
764 633 824 8 6
765 702 851 16 19
766 580 528 14 25
767 472 687 21 17
768 605 774 23 13
769 449 898 12 29
770 817 230 27 14
771 379 559 17 19
772 383 189 22 17
773 635 412 26 24
774 790 659 11 22
775 376 694 20 17
776 401 790 11 24
777 378 570 20 28
778 629 789 15 28
779 146 766 20 25
780 271 223 16 28
781 165 951 4 4
782 218 217 28 24
783 931 656 12 12
784 291 853 11 25
785 125 408 20 12
786 264 751 18 29
787 922 648 11 12
788 620 217 16 16
789 247 901 24 27
790 812 842 13 17
791 2 667 29 27
792 830 829 14 20
793 971 56 12 27
794 739 868 24 28
795 250 912 23 25
796 198 206 15 24
797 362 439 11 22
798 234 268 29 24
799 464 535 20 19
800 625 714 28 11
801 81 571 24 16
802 379 462 28 11
803 640 526 24 12
804 34 229 18 21
805 151 495 22 19
806 872 851 20 26
807 606 84 17 20
808 640 659 25 20
809 118 544 11 18
810 450 243 19 16
811 768 652 26 11
812 833 723 10 20
813 621 740 28 18
814 853 383 26 11
815 963 962 11 15
816 670 585 21 15
817 171 98 25 11
818 761 904 24 15
819 144 975 19 19
820 775 891 14 28
821 25 731 22 21
822 457 119 22 26
823 717 75 15 26
824 900 413 20 16
825 888 291 20 26
826 472 0 29 22
827 455 647 13 22
828 118 486 22 25
829 340 537 14 21
830 638 528 10 17
831 96 945 26 25
832 812 482 16 26
833 695 823 18 20
834 296 210 21 22
835 5 682 28 16
836 379 935 9 12
837 390 206 17 25
838 56 159 16 26
839 654 441 14 21
840 391 694 15 25
841 203 350 3 19
842 353 424 28 21
843 745 921 27 17
844 216 84 13 23
845 239 379 13 10
846 149 466 15 18
847 279 768 29 21
848 683 190 10 13
849 300 17 27 26
850 514 654 16 20
851 31 529 14 11
852 521 349 29 13
853 223 274 20 11
854 19 535 18 19
855 298 211 11 11
856 727 525 25 28
857 470 82 22 12
858 893 276 28 19
859 642 377 23 19
860 580 966 22 25
861 201 348 16 24
862 398 911 20 10
863 453 238 12 13
864 231 936 23 16
865 467 113 23 15
866 536 73 15 25
867 520 141 15 23
868 589 819 28 10
869 255 717 11 18
870 365 158 18 15
871 696 869 12 29
872 704 325 21 10
873 912 85 10 12
874 348 434 24 18
875 1 253 18 23
876 383 714 18 17
877 404 46 10 17
878 2 219 18 17
879 572 336 18 15
880 557 561 20 15
881 954 435 13 24
882 932 967 27 27
883 231 280 17 10
884 136 470 11 25
885 176 138 28 14
886 673 194 21 17
887 287 407 29 25
888 981 170 3 4
889 916 850 24 26
890 627 378 11 19
891 303 11 10 27
892 909 87 27 15
893 194 479 24 24
894 239 697 21 23
895 548 724 15 11
896 208 753 10 24
897 297 525 26 19
898 849 761 28 18
899 739 211 17 11
900 566 963 11 14
901 773 145 18 9
902 607 974 14 17
903 370 60 17 10
904 189 204 10 18
905 645 550 19 21
906 949 943 18 23
907 484 192 22 26
908 736 582 18 11
909 311 681 12 13
910 838 102 13 26
911 301 950 16 20
912 690 222 24 23
913 141 561 19 15
914 168 35 20 12
915 85 443 28 22
916 376 672 25 28
917 624 464 26 27
918 854 977 23 16
919 692 681 27 28
920 310 888 11 27
921 531 801 19 14
922 662 454 19 13
923 298 110 10 20
924 124 541 27 25
925 295 892 15 19
926 839 291 18 20
927 478 786 11 11
928 176 588 13 13
929 314 29 23 17
930 376 142 11 26
931 86 397 17 29
932 841 396 27 25
933 234 849 26 27
934 116 953 10 18
935 881 103 15 15
936 483 668 18 21
937 239 909 15 19
938 811 842 17 18
939 57 172 28 15
940 548 720 26 29
941 600 317 20 26
942 630 211 13 27
943 784 243 26 21
944 649 763 18 27
945 137 619 10 20
946 468 616 26 17
947 150 856 12 19
948 452 834 13 22
949 122 937 18 27
950 647 648 21 25
951 60 66 16 18
952 928 697 14 28
953 269 631 12 21
954 325 523 22 18
955 744 661 24 24
956 591 906 17 12
957 548 726 10 17
958 267 522 10 22
959 862 747 11 27
960 568 568 27 26
961 659 811 11 19
962 617 9 25 24
963 197 483 29 12
964 755 623 13 20
965 170 41 19 16
966 399 793 18 13
967 168 636 25 20
968 302 197 26 12
969 420 903 20 19
970 465 34 24 29
971 720 135 16 20
972 671 298 13 19
973 899 968 11 18
974 710 106 21 17
975 174 19 10 21
976 172 795 10 25
977 627 539 23 17
978 966 80 25 25
979 326 373 17 20
980 70 568 22 12
981 936 683 29 12
982 357 771 21 15
983 628 987 11 10
984 319 969 21 27
985 98 294 21 28
986 789 229 18 19
987 143 387 29 19
988 269 843 29 11
989 29 30 19 10
990 99 900 10 17
991 3 404 15 23
992 121 769 24 24
993 99 349 19 12
994 397 653 25 16
995 334 452 29 17
996 748 657 8 4
997 18 418 10 21
998 742 273 28 24
999 159 212 13 22
1000 441 159 11 25
1001 714 700 22 18
1002 213 650 20 13
1003 719 862 21 10
1004 221 91 22 20
1005 345 914 28 19
1006 474 348 21 22
1007 407 287 14 18
1008 517 689 29 11
1009 292 851 28 16
1010 850 916 16 25
1011 170 694 22 11
1012 670 789 27 26
1013 132 396 14 24
1014 284 219 23 27
1015 261 111 28 19
1016 350 443 19 23
1017 904 878 23 10
1018 983 933 16 12
1019 273 195 26 29
1020 960 384 26 23
1021 159 379 16 10
1022 854 168 24 23
1023 210 83 12 20
1024 309 21 21 12
1025 413 78 19 13
1026 615 358 21 28
1027 476 623 26 25
1028 695 703 13 14
1029 286 868 23 14
1030 87 556 23 21
1031 302 471 21 27
1032 737 864 23 14
1033 701 120 17 23
1034 389 337 27 15
1035 852 875 13 15
1036 696 804 17 23
1037 615 956 28 21
1038 537 732 29 10
1039 599 114 20 11
1040 234 757 11 28
1041 566 964 24 24
1042 470 930 18 24
1043 702 613 15 28
1044 839 120 24 24
1045 915 61 11 25
1046 729 573 28 24
1047 607 99 20 27
1048 80 392 11 28
1049 609 303 20 16
1050 216 809 11 23
1051 247 886 10 25
1052 643 151 13 13
1053 519 496 14 29
1054 209 636 14 10
1055 456 740 22 23
1056 675 711 16 27
1057 957 10 19 15
1058 624 104 21 14
1059 921 208 20 15
1060 955 718 18 23
1061 211 718 14 11
1062 304 190 27 28
1063 392 51 17 20
1064 599 46 27 13
1065 593 227 20 15
1066 841 283 29 13
1067 3 568 22 23
1068 27 27 15 27
1069 457 868 21 23
1070 744 296 22 27
1071 962 800 10 12
1072 418 213 27 12
1073 335 495 10 25
1074 387 191 13 7
1075 74 93 14 27
1076 120 276 13 16
1077 672 655 11 18
1078 906 211 16 21
1079 331 911 21 23
1080 797 863 17 15
1081 969 582 15 18
1082 534 355 25 15
1083 507 180 16 24
1084 859 134 17 22
1085 89 243 13 11
1086 196 646 28 25
1087 237 167 12 26
1088 939 352 26 24
1089 877 489 25 22
1090 819 402 20 20
1091 330 89 23 13
1092 637 768 29 13
1093 103 835 23 11
1094 745 397 10 14
1095 473 742 17 12
1096 339 330 25 24
1097 386 556 14 28
1098 973 957 22 25
1099 491 193 28 15
1100 108 696 21 23
1101 354 446 23 28
1102 202 458 13 27
1103 357 45 23 25
1104 566 723 23 21
1105 245 608 18 21
1106 291 303 25 18
1107 11 858 14 27
1108 121 169 17 12
1109 730 740 10 26
1110 794 581 13 27
1111 16 110 25 15
1112 259 33 14 23
1113 751 919 17 10
1114 119 231 26 11
1115 365 335 22 25
1116 66 425 20 22
1117 676 909 20 27
1118 978 168 10 15
1119 542 683 10 15
1120 475 130 20 21
1121 688 155 22 18
1122 0 435 21 24
1123 739 894 13 29
1124 630 811 20 25
1125 77 43 19 21
1126 489 642 26 27
1127 436 15 10 21
1128 438 919 27 10
1129 508 929 22 26
1130 505 974 15 12
1131 203 625 14 21
1132 172 523 28 10
1133 578 910 21 28
1134 858 371 28 16
1135 320 472 20 24
1136 434 602 10 23
1137 237 764 10 28
1138 845 119 11 10
1139 253 726 21 21
1140 593 765 23 16
1141 689 916 14 18
1142 202 660 11 12
1143 89 174 15 25
1144 200 233 21 10
1145 12 800 25 23
1146 915 282 21 23
1147 164 809 23 12
1148 281 750 14 17
1149 316 105 20 24
1150 15 509 29 22
1151 665 720 16 29
1152 163 949 20 15
1153 352 382 26 17
1154 778 424 27 21
1155 498 77 27 26
1156 661 117 25 13
1157 82 43 17 11
1158 430 574 18 13
1159 484 217 15 12
1160 202 864 15 19
1161 303 697 27 17
1162 923 574 29 23
1163 24 573 14 27
1164 339 619 25 10
1165 416 543 10 18
1166 85 154 22 17
1167 202 842 24 26
1168 671 765 25 19
1169 616 821 29 16
1170 570 119 17 22
1171 442 500 14 13
1172 18 652 26 24
1173 346 53 29 13
1174 634 178 24 15
1175 878 267 19 17
1176 690 133 24 12
1177 861 916 13 28
1178 65 485 27 20
1179 509 806 29 22
1180 725 972 21 27
1181 716 78 10 12
1182 920 559 29 25
1183 402 706 26 14
1184 86 340 12 13
1185 138 617 13 15
1186 72 527 27 12
1187 48 879 18 17
1188 372 549 13 24
1189 126 481 19 28
1190 904 552 27 21
1191 909 145 26 16
1192 715 705 29 28
1193 554 591 24 11
1194 198 916 12 28
1195 575 44 29 17
1196 820 656 20 25
1197 633 387 23 16
1198 31 946 20 22
1199 404 903 11 10
1200 463 13 10 22
1201 473 775 20 17
1202 766 345 29 10
1203 85 419 11 12
1204 825 803 28 29
1205 373 231 27 19
1206 710 768 22 27
1207 893 413 12 15
1208 640 486 18 14
1209 275 920 23 10
1210 817 679 12 29
1211 188 662 28 16
1212 148 765 17 13
1213 299 229 12 28
1214 802 748 24 18
1215 126 133 25 16
1216 516 473 25 15
1217 136 37 17 23
1218 161 897 18 24
1219 803 229 12 21
1220 488 119 10 18
1221 561 663 14 25
1222 117 219 17 25
1223 862 749 29 16
1224 389 701 21 24
1225 878 139 21 23
1226 261 125 26 24
1227 596 649 13 24
1228 191 484 25 25
1229 544 245 19 10
1230 214 280 13 20
1231 44 167 23 17
1232 618 31 23 16
1233 880 142 10 13
1234 339 83 16 10
1235 370 455 22 17
1236 664 656 11 26
1237 879 809 27 17
1238 767 880 15 21
1239 68 536 17 16
1240 166 581 12 22
1241 798 321 27 19
1242 359 889 18 25
1243 834 898 27 16
1244 106 935 22 17
1245 552 826 16 27
1246 57 934 28 11
1247 588 157 17 21
1248 268 895 17 24
1249 591 960 15 20
1250 952 684 28 23
1251 122 582 10 13
1252 212 192 28 22
1253 82 189 26 22
1254 715 965 25 12
1255 49 708 13 25
1256 287 918 18 15
1257 291 899 27 20
1258 544 52 19 29
1259 430 904 13 15
1260 594 933 21 16
1261 483 64 26 11
1262 238 322 12 22
1263 531 257 29 14
1264 644 485 26 10
1265 748 916 21 10
1266 406 329 10 10
1267 119 616 26 24
1268 237 334 26 15
1269 941 727 21 24
1270 52 794 21 17
1271 776 340 27 12
1272 663 435 15 21
1273 956 811 10 14
1274 695 953 27 18
1275 14 284 18 22
1276 917 873 26 24
1277 2 255 21 17
1278 313 963 16 19
1279 695 688 28 15
1280 518 678 29 18
1281 303 356 28 22
1282 604 888 19 22
1283 646 264 20 25
1284 812 905 21 28
1285 94 423 15 16
1286 867 681 12 27
1287 24 271 14 27
1288 149 39 26 19
1289 122 773 18 26
1290 608 593 17 20
1291 380 800 14 11
1292 922 325 12 17
1293 91 750 14 21
